Ac = 19.9e-6

gt = 0.33e-4

lindex = [2,1,1,2,2,2,2,3,3,2]

mus = [1.2e-6,1.2e-6,1.2e-6,1.2e-6,1.2e-6,1.2e-6,1.2e-6,1.2e-6,1.2e-6,1.2e-6,1.2e-6]

mur = 1000

nwinding = 3

h = [0.071e-3,0.071e-3,0.071e-3,0.071e-3,0.071e-3,0.071e-3,0.071e-3,0.071e-3,0.071e-3,0.071e-3]

f = 800000

m = [1,2,2,1,1,1,1,2,2,1]

c = 1.1e-3

sigmac = [5.8e7,5.8e7,5.8e7,5.8e7,5.8e7, 5.8e7, 5.8e7, 5.8e7,5.8e7, 5.8e7]

s = [0.2e-3,0.2e-3,0.12e-3,0.10e-3,0.14e-3,0.10e-3,0.14e-3,0.10e-3,0.12e-3,0.2e-3,0.2e-3]

wstyle = [0,1,0]

gb = 0.33e-4

w = [3e-3,3e-3,3e-3,3e-3,3e-3,3e-3,3e-3,3e-3,3e-3,3e-3]

x = 
nlayer = 10

d = 17.5e-3

